38
22
38
24
13
32
35
44
53
13
32
57
24
16
33
47
8
44
49
29
4
54
50
5
37
12
24
7
50
15
56
21
23
22
32
11
42
12
19
32
11
53
18
17
16
10
48
22
32
32
35
13
36
25
11
48
17
4
56
2
29
11
3
29
11
18
6
32
1
1
2
40
34
59
47
19
35
21
21
21
8
19
43
34
12
46
4
55
8
29
18
26
31
52
29
33
17
55
12
34
15
12
20
28
11
12
24
17
26
2
5
5
16
3
26
28
11
20
0
11
29
23
22
15
19
13
8
11
16
18
6
19
7
22
26
0
13
27
29
12
7
25
14
5
15
22
12
14
26
2
0
15
28
13
18
29
16
20
5
1
4
25
28
19
20
6
24
5
20
8
18
11
7
5
5
24
24
20
15
3
7
25
5
0
12
27
21
23
26
18
27
10
14
19
0
23
19
5
11
25
20
10
24
6
24
10
21
5
24
8
7
27
7
24
7
11
24
11
19
13
25
20
24
14
10
12
0
3
23
21
18
27
26
