232
17
231
49
37
267
22
54
64
217
66
256
239
186
261
115
177
190
253
120
96
195
22
192
63
267
138
265
245
278
126
279
301
156
138
185
200
230
171
145
77
142
269
152
159
300
5
67
144
225
168
31
233
132
107
187
96
61
60
179
278
40
245
71
240
248
23
114
69
98
296
0
116
106
160
229
312
304
317
140
183
43
202
216
27
238
79
254
11
202
113
48
301
116
294
198
252
316
249
309
302
20
63
197
131
224
61
97
140
314
115
30
35
207
138
178
138
143
115
55
11
84
244
107
51
170
54
136
288
175
82
67
18
280
5
94
125
260
312
2
154
183
113
199
225
137
46
145
126
131
114
188
280
46
219
220
95
9
189
205
254
136
288
34
119
15
174
233
173
11
30
139
92
287
156
199
209
169
34
300
52
189
199
42
40
264
59
173
242
244
121
75
39
109
77
86
116
247
136
225
26
9
31
35
26
20
33
41
38
13
23
7
19
5
23
8
27
24
29
7
19
7
38
9
30
1
18
15
41
10
4
24
13
24
7
33
19
41
10
33
26
0
0
38
39
41
29
23
39
7
2
14
37
31
26
20
7
33
19
27
27
19
31
14
33
34
20
25
6
35
22
24
28
35
35
32
20
1
13
39
25
41
9
16
28
5
6
1
30
27
2
6
39
4
37
40
13
24
24
36
0
7
22
22
9
20
14
33
6
56
3
44
36
11
35
15
15
4
54
43
20
53
13
47
