219
132
232
52
191
273
291
290
135
262
104
3
260
352
284
287
352
302
351
117
154
341
196
50
344
240
40
110
46
243
184
98
315
335
264
364
18
84
156
174
116
276
93
205
148
266
353
34
315
232
336
322
15
315
86
320
240
324
328
141
146
223
74
4
17
182
314
79
326
307
11
104
141
105
249
315
323
2
251
57
102
303
68
134
185
285
62
205
86
110
21
234
286
66
331
208
116
330
6
157
139
319
72
244
352
52
304
77
172
334
17
33
192
283
29
19
165
17
62
76
296
56
283
256
66
184
118
257
45
39
282
113
317
245
3
133
247
121
322
326
274
336
102
167
41
259
291
218
150
353
77
313
157
123
124
360
150
118
24
242
318
159
328
67
2
346
205
84
234
229
71
78
128
171
110
38
110
34
3
69
155
341
11
280
260
133
170
82
197
186
234
359
142
257
208
141
8
162
131
297
616
439
268
508
698
297
410
386
346
455
597
565
210
354
247
324
715
506
364
486
691
400
618
365
398
706
624
688
701
493
531
463
297
