62
96
101
159
0
288
250
259
106
283
114
3
276
204
194
37
136
77
217
150
37
164
157
249
9
255
19
8
60
138
0
227
62
194
163
131
6
184
128
45
189
53
235
3
176
83
38
211
73
136
288
144
22
22
119
1
101
267
116
238
286
155
152
58
272
23
94
130
133
223
2
14
33
260
28
281
194
23
252
225
244
123
275
191
254
131
31
266
244
218
160
271
186
271
115
33
130
232
172
136
127
201
137
233
180
154
112
103
261
256
114
133
115
217
232
222
213
181
7
144
17
116
63
46
180
157
162
15
215
222
177
147
146
170
289
22
154
21
178
102
214
73
113
34
277
24
189
91
217
229
84
