48
136
270
206
2
256
247
1
264
247
178
234
158
245
85
233
152
208
135
234
101
93
226
12
145
34
202
54
118
136
97
133
212
128
38
169
1
151
94
228
222
17
27
138
217
235
105
115
62
55
2
119
259
165
221
74
104
257
92
54
243
52
25
229
70
195
195
52
59
15
127
69
34
174
18
229
78
60
193
236
11
0
148
234
177
266
87
118
58
200
48
200
162
293
129
108
278
224
192
10
257
112
172
13
30
82
91
190
70
195
83
104
72
284
19
225
188
105
13
269
250
226
289
48
266
229
73
204
117
99
18
26
108
95
37
239
88
201
115
116
209
46
62
101
144
69
256
128
262
225
100
165
